[gd_scene load_steps=5 format=2]

[ext_resource path="res://scenes/attacks/earthquake.gd" type="Script" id=1]
[ext_resource path="res://assets/audio/fire_noise.wav" type="AudioStream" id=2]
[ext_resource path="res://scenes/attacks/pillar_base.tscn" type="PackedScene" id=3]

[sub_resource type="Animation" id=1]

resource_name = "earthquake_1"
length = 5.0
loop = false
step = 0.5
tracks/0/type = "value"
tracks/0/path = NodePath("pillars_1/pillar_base:transform")
tracks/0/interp = 1
tracks/0/loop_wrap = true
tracks/0/imported = false
tracks/0/enabled = true
tracks/0/keys = {
"times": PoolRealArray( 0, 0.5, 3.5, 5 ),
"transitions": PoolRealArray( 0.25, 1, 1, 1 ),
"update": 0,
"values": [ Transform( 0.87599, -0.215515, -0.431502, 0, 0.894623, -0.446822, 0.482329, 0.391412, 0.783681, 0, -2.15717, 0 ), Transform( 0.87599, -0.215515, -0.431502, -1.49012e-08, 0.894623, -0.446822, 0.482329, 0.391412, 0.783681, -0.611755, 0.382283, 1.11105 ), Transform( 0.87599, -0.215515, -0.431502, -1.49012e-08, 0.894623, -0.446822, 0.482329, 0.391412, 0.783681, -0.611755, 0.382283, 1.11105 ), Transform( 0.87599, -0.215515, -0.431502, 0, 0.894623, -0.446822, 0.482329, 0.391412, 0.783681, 0, -2.15717, 0 ) ]
}
tracks/1/type = "value"
tracks/1/path = NodePath("pillars_1/pillar_base2:transform")
tracks/1/interp = 1
tracks/1/loop_wrap = true
tracks/1/imported = false
tracks/1/enabled = true
tracks/1/keys = {
"times": PoolRealArray( 0, 0.5, 1, 3.5, 5 ),
"transitions": PoolRealArray( 1, 0.25, 1, 1, 1 ),
"update": 0,
"values": [ Transform( 0.884802, 0.208205, 0.416865, 0, 0.894623, -0.446822, -0.465968, 0.395349, 0.791564, 1.64109, -2.15717, 2.76117 ), Transform( 0.884802, 0.208205, 0.416865, 0, 0.894623, -0.446822, -0.465968, 0.395349, 0.791564, 1.64109, -2.15717, 2.76117 ), Transform( 0.884802, 0.208205, 0.416865, 0, 0.894623, -0.446822, -0.465968, 0.395349, 0.791564, 2.16182, 0.0803087, 3.74995 ), Transform( 0.884802, 0.208205, 0.416865, 0, 0.894623, -0.446822, -0.465968, 0.395349, 0.791564, 2.16182, 0.0803087, 3.74995 ), Transform( 0.884802, 0.208205, 0.416865, 0, 0.894623, -0.446822, -0.465968, 0.395349, 0.791564, 1.64109, -2.15717, 2.76117 ) ]
}
tracks/2/type = "value"
tracks/2/path = NodePath("pillars_1/pillar_base3:transform")
tracks/2/interp = 1
tracks/2/loop_wrap = true
tracks/2/imported = false
tracks/2/enabled = true
tracks/2/keys = {
"times": PoolRealArray( 0, 1, 1.5, 3.5, 5 ),
"transitions": PoolRealArray( 1, 0.25, 1, 1, 1 ),
"update": 0,
"values": [ Transform( 0.98942, -0.0648263, -0.129795, 0, 0.894623, -0.446822, 0.145083, 0.442095, 0.885157, -0.395543, -2.15717, 5.93539 ), Transform( 0.98942, -0.0648263, -0.129795, 0, 0.894623, -0.446822, 0.145083, 0.442095, 0.885157, -0.395543, -2.15717, 5.93539 ), Transform( 0.98942, -0.0648263, -0.129795, -3.72529e-09, 0.894623, -0.446822, 0.145083, 0.442095, 0.885157, -0.567737, 0.21916, 7.1097 ), Transform( 0.98942, -0.0648263, -0.129795, -3.72529e-09, 0.894623, -0.446822, 0.145083, 0.442095, 0.885157, -0.567737, 0.21916, 7.1097 ), Transform( 0.98942, -0.0648263, -0.129795, 0, 0.894623, -0.446822, 0.145083, 0.442095, 0.885157, -0.395543, -2.15717, 5.93539 ) ]
}
tracks/3/type = "value"
tracks/3/path = NodePath("pillars_1/pillar_base4:transform")
tracks/3/interp = 1
tracks/3/loop_wrap = true
tracks/3/imported = false
tracks/3/enabled = true
tracks/3/keys = {
"times": PoolRealArray( 0, 1.5, 2, 3.5, 5 ),
"transitions": PoolRealArray( 1, 0.25, 1, 1, 1 ),
"update": 0,
"values": [ Transform( 0.997509, -0.030702, 0.0635089, 0.0414406, 0.983629, -0.175376, -0.0570848, 0.177571, 0.982451, 0.815147, -2.15717, 8.55561 ), Transform( 0.997509, -0.030702, 0.0635089, 0.0414406, 0.983629, -0.175376, -0.0570848, 0.177571, 0.982451, 0.815147, -2.15717, 8.55561 ), Transform( 0.997509, -0.030702, 0.0635089, 0.0414406, 0.983629, -0.175376, -0.0570848, 0.177571, 0.982451, 0.733372, 0.462758, 9.02858 ), Transform( 0.997509, -0.030702, 0.0635089, 0.0414406, 0.983629, -0.175376, -0.0570848, 0.177571, 0.982451, 0.733372, 0.462758, 9.02858 ), Transform( 0.997509, -0.030702, 0.0635089, 0.0414406, 0.983629, -0.175376, -0.0570848, 0.177571, 0.982451, 0.815147, -2.15717, 8.55561 ) ]
}
tracks/4/type = "value"
tracks/4/path = NodePath("AudioStreamPlayer3D:unit_db")
tracks/4/interp = 1
tracks/4/loop_wrap = true
tracks/4/imported = false
tracks/4/enabled = true
tracks/4/keys = {
"times": PoolRealArray( 0, 0.5, 2, 2.5 ),
"transitions": PoolRealArray( 1, 1, 1, 1 ),
"update": 0,
"values": [ -80.0, -8.0, -6.0, -80.0 ]
}
tracks/5/type = "value"
tracks/5/path = NodePath("AudioStreamPlayer3D:translation")
tracks/5/interp = 1
tracks/5/loop_wrap = true
tracks/5/imported = false
tracks/5/enabled = true
tracks/5/keys = {
"times": PoolRealArray( 0, 2.5 ),
"transitions": PoolRealArray( 1, 1 ),
"update": 0,
"values": [ Vector3( 0, -2.15717, -0.981877 ), Vector3( 0, -2.15717, 12.7664 ) ]
}
tracks/6/type = "method"
tracks/6/path = NodePath(".")
tracks/6/interp = 1
tracks/6/loop_wrap = true
tracks/6/imported = false
tracks/6/enabled = true
tracks/6/keys = {
"times": PoolRealArray( 5 ),
"transitions": PoolRealArray( 1 ),
"values": [ {
"args": [  ],
"method": "queue_free"
} ]
}

[node name="earthquake" type="Spatial"]

transform = Transform( 0.6, 0, 0, 0, 0.6, 0, 0, 0, 0.6, 0, 0, 0 )
script = ExtResource( 1 )
_sections_unfolded = [ "Transform" ]

[node name="AudioStreamPlayer3D" type="AudioStreamPlayer3D" parent="." index="0"]

transform = Transform( 0.87599, -0.215515, -0.431502, 0, 0.894623, -0.446822, 0.482329, 0.391412, 0.783681, 0, -2.15717, -0.981877 )
stream = ExtResource( 2 )
attenuation_model = 0
unit_db = -80.0
unit_size = 5.0
max_db = 3.0
autoplay = true
max_distance = 0.0
out_of_range_mode = 0
bus = "Master"
area_mask = 1
emission_angle_enabled = false
emission_angle_degrees = 45.0
emission_angle_filter_attenuation_db = -12.0
attenuation_filter_cutoff_hz = 5000.0
attenuation_filter_db = -24.0
doppler_tracking = 0
_sections_unfolded = [ "Transform" ]

[node name="pillars_1" type="Spatial" parent="." index="1"]

transform = Transform( 1, 0, 0, 0, 1, 0, 0, 0, 1, 0, -1.47465, 6.52946 )

[node name="pillar_base" parent="pillars_1" index="0" instance=ExtResource( 3 )]

transform = Transform( 0.87599, -0.215515, -0.431502, 0, 0.894623, -0.446822, 0.482329, 0.391412, 0.783681, 0, -2.15717, 0 )
_sections_unfolded = [ "Collision", "Transform" ]

[node name="pillar_base2" parent="pillars_1" index="1" instance=ExtResource( 3 )]

transform = Transform( 0.884802, 0.208205, 0.416865, 7.45058e-09, 0.894623, -0.446822, -0.465968, 0.395349, 0.791564, 1.64109, -2.15717, 2.76117 )
_sections_unfolded = [ "Collision", "Transform" ]

[node name="pillar_base3" parent="pillars_1" index="2" instance=ExtResource( 3 )]

transform = Transform( 0.98942, -0.0648263, -0.129795, -7.45058e-09, 0.894623, -0.446822, 0.145083, 0.442095, 0.885157, -0.395543, -2.15717, 5.93539 )
_sections_unfolded = [ "Collision", "Transform" ]

[node name="pillar_base4" parent="pillars_1" index="3" instance=ExtResource( 3 )]

transform = Transform( 0.997509, -0.030702, 0.0635089, 0.0414406, 0.983629, -0.175376, -0.0570848, 0.177571, 0.982451, 0.815147, -2.15717, 8.55561 )
_sections_unfolded = [ "Collision", "Transform" ]

[node name="animation" type="AnimationPlayer" parent="." index="2"]

root_node = NodePath("..")
autoplay = ""
playback_process_mode = 0
playback_default_blend_time = 0.0
playback_speed = 3.0
anims/earthquake_1 = SubResource( 1 )
blend_times = [  ]
_sections_unfolded = [ "Playback Options" ]


